Wheeler Portable Batch System Prologue
Job Id: 1733057.wheeler-sn.alliance.unm.edu
Username: jtran989
Job 1733057.wheeler-sn.alliance.unm.edu running on nodes:
wheeler039 

prologue running on host: wheeler039
Agent pid 23360
Identity added: /users/jtran989/.ssh/true_id_rsa (/users/jtran989/.ssh/true_id_rsa)
tol: 1e-10
pts [0.11111111 0.22222222 0.33333333 0.44444444 0.55555556 0.66666667
 0.77777778 0.88888889]
64
u (12, 64)
u0 [ 0.88302222  0.71984631  0.46984631  0.16317591 -0.16317591 -0.46984631
 -0.71984631 -0.88302222  0.71984631  0.58682409  0.38302222  0.13302222
 -0.13302222 -0.38302222 -0.58682409 -0.71984631  0.46984631  0.38302222
  0.25        0.08682409 -0.08682409 -0.25       -0.38302222 -0.46984631
  0.16317591  0.13302222  0.08682409  0.03015369 -0.03015369 -0.08682409
 -0.13302222 -0.16317591 -0.16317591 -0.13302222 -0.08682409 -0.03015369
  0.03015369  0.08682409  0.13302222  0.16317591 -0.46984631 -0.38302222
 -0.25       -0.08682409  0.08682409  0.25        0.38302222  0.46984631
 -0.71984631 -0.58682409 -0.38302222 -0.13302222  0.13302222  0.38302222
  0.58682409  0.71984631 -0.88302222 -0.71984631 -0.46984631 -0.16317591
  0.16317591  0.46984631  0.71984631  0.88302222]
did converge, i =  172
did converge, i =  172
did converge, i =  172
did converge, i =  172
did converge, i =  172
did converge, i =  172
did converge, i =  172
did converge, i =  172
did converge, i =  172
did converge, i =  172
did converge, i =  172
Nt, N, Error is:  12,  8,  0.0003387930683392176
mid time index: 6
pts [0.05882353 0.11764706 0.17647059 0.23529412 0.29411765 0.35294118
 0.41176471 0.47058824 0.52941176 0.58823529 0.64705882 0.70588235
 0.76470588 0.82352941 0.88235294 0.94117647]
256
u (48, 256)
u0 [ 0.96623611  0.91659512  0.83574057  0.72642589  0.59237364  0.43814881
  0.26900336  0.09069732 -0.09069732 -0.26900336 -0.43814881 -0.59237364
 -0.72642589 -0.83574057 -0.91659512 -0.96623611  0.91659512  0.86950446
  0.79280387  0.68910529  0.56194006  0.41563864  0.25518314  0.08603768
 -0.08603768 -0.25518314 -0.41563864 -0.56194006 -0.68910529 -0.79280387
 -0.86950446 -0.91659512  0.83574057  0.79280387  0.72286918  0.62831804
  0.51237029  0.37897439  0.23267296  0.07844814 -0.07844814 -0.23267296
 -0.37897439 -0.51237029 -0.62831804 -0.72286918 -0.79280387 -0.83574057
  0.72642589  0.68910529  0.62831804  0.54613418  0.44535237  0.32940462
  0.20223939  0.06818714 -0.06818714 -0.20223939 -0.32940462 -0.44535237
 -0.54613418 -0.62831804 -0.68910529 -0.72642589  0.59237364  0.56194006
  0.51237029  0.44535237  0.3631685   0.26861737  0.1649188   0.05560411
 -0.05560411 -0.1649188  -0.26861737 -0.3631685  -0.44535237 -0.51237029
 -0.56194006 -0.59237364  0.43814881  0.41563864  0.37897439  0.32940462
  0.26861737  0.19868268  0.12198209  0.04112755 -0.04112755 -0.12198209
 -0.19868268 -0.26861737 -0.32940462 -0.37897439 -0.41563864 -0.43814881
  0.26900336  0.25518314  0.23267296  0.20223939  0.1649188   0.12198209
  0.07489143  0.02525044 -0.02525044 -0.07489143 -0.12198209 -0.1649188
 -0.20223939 -0.23267296 -0.25518314 -0.26900336  0.09069732  0.08603768
  0.07844814  0.06818714  0.05560411  0.04112755  0.02525044  0.00851345
 -0.00851345 -0.02525044 -0.04112755 -0.05560411 -0.06818714 -0.07844814
 -0.08603768 -0.09069732 -0.09069732 -0.08603768 -0.07844814 -0.06818714
 -0.05560411 -0.04112755 -0.02525044 -0.00851345  0.00851345  0.02525044
  0.04112755  0.05560411  0.06818714  0.07844814  0.08603768  0.09069732
 -0.26900336 -0.25518314 -0.23267296 -0.20223939 -0.1649188  -0.12198209
 -0.07489143 -0.02525044  0.02525044  0.07489143  0.12198209  0.1649188
  0.20223939  0.23267296  0.25518314  0.26900336 -0.43814881 -0.41563864
 -0.37897439 -0.32940462 -0.26861737 -0.19868268 -0.12198209 -0.04112755
  0.04112755  0.12198209  0.19868268  0.26861737  0.32940462  0.37897439
  0.41563864  0.43814881 -0.59237364 -0.56194006 -0.51237029 -0.44535237
 -0.3631685  -0.26861737 -0.1649188  -0.05560411  0.05560411  0.1649188
  0.26861737  0.3631685   0.44535237  0.51237029  0.56194006  0.59237364
 -0.72642589 -0.68910529 -0.62831804 -0.54613418 -0.44535237 -0.32940462
 -0.20223939 -0.06818714  0.06818714  0.20223939  0.32940462  0.44535237
  0.54613418  0.62831804  0.68910529  0.72642589 -0.83574057 -0.79280387
 -0.72286918 -0.62831804 -0.51237029 -0.37897439 -0.23267296 -0.07844814
  0.07844814  0.23267296  0.37897439  0.51237029  0.62831804  0.72286918
  0.79280387  0.83574057 -0.91659512 -0.86950446 -0.79280387 -0.68910529
 -0.56194006 -0.41563864 -0.25518314 -0.08603768  0.08603768  0.25518314
  0.41563864  0.56194006  0.68910529  0.79280387  0.86950446  0.91659512
 -0.96623611 -0.91659512 -0.83574057 -0.72642589 -0.59237364 -0.43814881
 -0.26900336 -0.09069732  0.09069732  0.26900336  0.43814881  0.59237364
  0.72642589  0.83574057  0.91659512  0.96623611]
did converge, i =  231
did converge, i =  231
did converge, i =  231
did converge, i =  231
did converge, i =  231
did converge, i =  231
did converge, i =  231
did converge, i =  231
did converge, i =  231
did converge, i =  231
did converge, i =  231
did converge, i =  231
did converge, i =  231
did converge, i =  231
did converge, i =  231
did converge, i =  231
did converge, i =  231
did converge, i =  231
did converge, i =  231
did converge, i =  231
did converge, i =  231
did converge, i =  231
did converge, i =  231
did converge, i =  231
did converge, i =  231
did converge, i =  231
did converge, i =  231
did converge, i =  231
did converge, i =  231
did converge, i =  231
did converge, i =  231
did converge, i =  231
did converge, i =  231
did converge, i =  231
did converge, i =  231
did converge, i =  231
did converge, i =  231
did converge, i =  231
did converge, i =  231
did converge, i =  231
did converge, i =  231
did converge, i =  231
did converge, i =  231
did converge, i =  231
did converge, i =  231
did converge, i =  231
did converge, i =  231
Nt, N, Error is:  48,  16,  6.708033207707409e-05
mid time index: 6
pts [0.03030303 0.06060606 0.09090909 0.12121212 0.15151515 0.18181818
 0.21212121 0.24242424 0.27272727 0.3030303  0.33333333 0.36363636
 0.39393939 0.42424242 0.45454545 0.48484848 0.51515152 0.54545455
 0.57575758 0.60606061 0.63636364 0.66666667 0.6969697  0.72727273
 0.75757576 0.78787879 0.81818182 0.84848485 0.87878788 0.90909091
 0.93939394 0.96969697]
1024
u (192, 1024)
u0 [0.99096435 0.97748245 0.95514832 ... 0.95514832 0.97748245 0.99096435]
did converge, i =  293
did converge, i =  292
did converge, i =  292
did converge, i =  292
did converge, i =  292
did converge, i =  292
did converge, i =  292
did converge, i =  292
did converge, i =  292
did converge, i =  292
did converge, i =  292
did converge, i =  292
did converge, i =  292
did converge, i =  292
did converge, i =  292
did converge, i =  292
did converge, i =  292
did converge, i =  292
did converge, i =  292
did converge, i =  292
did converge, i =  292
did converge, i =  292
did converge, i =  292
did converge, i =  292
did converge, i =  292
did converge, i =  292
did converge, i =  292
did converge, i =  292
did converge, i =  292
did converge, i =  292
did converge, i =  292
did converge, i =  292
did converge, i =  292
did converge, i =  292
did converge, i =  292
did converge, i =  292
did converge, i =  292
did converge, i =  292
did converge, i =  292
did converge, i =  292
did converge, i =  292
did converge, i =  292
did converge, i =  292
did converge, i =  292
did converge, i =  292
did converge, i =  292
did converge, i =  292
did converge, i =  292
did converge, i =  292
did converge, i =  292
did converge, i =  292
did converge, i =  292
did converge, i =  292
did converge, i =  292
did converge, i =  292
did converge, i =  292
did converge, i =  292
did converge, i =  292
did converge, i =  292
did converge, i =  292
did converge, i =  292
did converge, i =  292
did converge, i =  292
did converge, i =  292
did converge, i =  292
did converge, i =  292
did converge, i =  292
did converge, i =  292
did converge, i =  292
did converge, i =  292
did converge, i =  292
did converge, i =  292
did converge, i =  292
did converge, i =  292
did converge, i =  292
did converge, i =  292
did converge, i =  292
did converge, i =  292
did converge, i =  292
did converge, i =  292
did converge, i =  292
did converge, i =  292
did converge, i =  292
did converge, i =  292
did converge, i =  292
did converge, i =  292
did converge, i =  292
did converge, i =  292
did converge, i =  292
did converge, i =  292
did converge, i =  292
did converge, i =  292
did converge, i =  292
did converge, i =  292
did converge, i =  292
did converge, i =  292
did converge, i =  292
did converge, i =  292
did converge, i =  292
did converge, i =  292
did converge, i =  292
did converge, i =  292
did converge, i =  292
did converge, i =  292
did converge, i =  292
did converge, i =  292
did converge, i =  292
did converge, i =  292
did converge, i =  292
did converge, i =  292
did converge, i =  292
did converge, i =  292
did converge, i =  292
did converge, i =  292
did converge, i =  292
did converge, i =  292
did converge, i =  292
did converge, i =  292
did converge, i =  292
did converge, i =  292
did converge, i =  292
did converge, i =  292
did converge, i =  292
did converge, i =  292
did converge, i =  292
did converge, i =  292
did converge, i =  292
did converge, i =  292
did converge, i =  292
did converge, i =  292
did converge, i =  292
did converge, i =  292
did converge, i =  292
did converge, i =  292
did converge, i =  292
did converge, i =  292
did converge, i =  292
did converge, i =  292
did converge, i =  292
did converge, i =  292
did converge, i =  292
did converge, i =  292
did converge, i =  292
did converge, i =  292
did converge, i =  292
did converge, i =  292
did converge, i =  292
did converge, i =  292
did converge, i =  292
did converge, i =  292
did converge, i =  292
did converge, i =  292
did converge, i =  292
did converge, i =  292
did converge, i =  292
did converge, i =  292
did converge, i =  292
did converge, i =  292
did converge, i =  292
did converge, i =  292
did converge, i =  292
did converge, i =  292
did converge, i =  292
did converge, i =  292
did converge, i =  292
did converge, i =  292
did converge, i =  292
did converge, i =  292
did converge, i =  292
did converge, i =  292
did converge, i =  292
did converge, i =  292
did converge, i =  292
did converge, i =  292
did converge, i =  292
did converge, i =  292
did converge, i =  292
did converge, i =  292
did converge, i =  292
did converge, i =  292
did converge, i =  292
did converge, i =  292
did converge, i =  292
did converge, i =  292
did converge, i =  292
did converge, i =  292
did converge, i =  292
did converge, i =  292
did converge, i =  292
did converge, i =  292
did converge, i =  292
Nt, N, Error is:  192,  32,  1.3968284852390601e-05
mid time index: 6
pts [0.01538462 0.03076923 0.04615385 0.06153846 0.07692308 0.09230769
 0.10769231 0.12307692 0.13846154 0.15384615 0.16923077 0.18461538
 0.2        0.21538462 0.23076923 0.24615385 0.26153846 0.27692308
 0.29230769 0.30769231 0.32307692 0.33846154 0.35384615 0.36923077
 0.38461538 0.4        0.41538462 0.43076923 0.44615385 0.46153846
 0.47692308 0.49230769 0.50769231 0.52307692 0.53846154 0.55384615
 0.56923077 0.58461538 0.6        0.61538462 0.63076923 0.64615385
 0.66153846 0.67692308 0.69230769 0.70769231 0.72307692 0.73846154
 0.75384615 0.76923077 0.78461538 0.8        0.81538462 0.83076923
 0.84615385 0.86153846 0.87692308 0.89230769 0.90769231 0.92307692
 0.93846154 0.95384615 0.96923077 0.98461538]
4096
u (768, 4096)
u0 [0.99766582 0.99416931 0.98835088 ... 0.98835088 0.99416931 0.99766582]
did not converge
did converge, i =  358
did converge, i =  349
did converge, i =  348
did converge, i =  348
did converge, i =  348
did converge, i =  348
did converge, i =  348
did converge, i =  348
did converge, i =  348
did converge, i =  347
did converge, i =  347
did converge, i =  347
did converge, i =  347
did converge, i =  347
did converge, i =  347
did converge, i =  347
did converge, i =  347
did converge, i =  347
did converge, i =  347
did converge, i =  347
did converge, i =  347
did converge, i =  347
did converge, i =  347
did converge, i =  347
did converge, i =  347
did converge, i =  347
did converge, i =  347
did converge, i =  347
did converge, i =  347
did converge, i =  347
did converge, i =  347
did converge, i =  347
did converge, i =  347
did converge, i =  347
did converge, i =  347
did converge, i =  347
did converge, i =  347
did converge, i =  347
did converge, i =  347
did converge, i =  347
did converge, i =  347
did converge, i =  347
did converge, i =  347
did converge, i =  347
did converge, i =  347
did converge, i =  347
did converge, i =  347
did converge, i =  347
did converge, i =  347
did converge, i =  347
did converge, i =  347
did converge, i =  347
did converge, i =  347
did converge, i =  347
did converge, i =  347
did converge, i =  347
did converge, i =  347
did converge, i =  347
did converge, i =  347
did converge, i =  347
did converge, i =  347
did converge, i =  347
did converge, i =  347
did converge, i =  347
did converge, i =  347
did converge, i =  347
did converge, i =  347
did converge, i =  347
did converge, i =  347
did converge, i =  347
did converge, i =  347
did converge, i =  347
did converge, i =  347
did converge, i =  347
did converge, i =  347
did converge, i =  347
did converge, i =  347
did converge, i =  347
did converge, i =  347
did converge, i =  347
did converge, i =  347
did converge, i =  347
did converge, i =  347
did converge, i =  347
did converge, i =  347
did converge, i =  347
did converge, i =  347
did converge, i =  347
did converge, i =  347
did converge, i =  347
did converge, i =  347
did converge, i =  347
did converge, i =  347
did converge, i =  347
did converge, i =  347
did converge, i =  347
did converge, i =  347
did converge, i =  347
did converge, i =  347
did converge, i =  347
did converge, i =  347
did converge, i =  347
did converge, i =  347
did converge, i =  347
did converge, i =  347
did converge, i =  347
did converge, i =  347
did converge, i =  347
did converge, i =  347
did converge, i =  347
did converge, i =  347
did converge, i =  347
did converge, i =  347
did converge, i =  347
did converge, i =  347
did converge, i =  347
did converge, i =  347
did converge, i =  347
did converge, i =  347
did converge, i =  347
did converge, i =  347
did converge, i =  347
did converge, i =  347
did converge, i =  347
did converge, i =  347
did converge, i =  347
did converge, i =  347
did converge, i =  347
did converge, i =  347
did converge, i =  347
did converge, i =  347
did converge, i =  347
did converge, i =  347
did converge, i =  347
did converge, i =  347
did converge, i =  347
did converge, i =  347
did converge, i =  347
did converge, i =  347
did converge, i =  347
did converge, i =  347
did converge, i =  347
did converge, i =  347
did converge, i =  347
did converge, i =  347
did converge, i =  347
did converge, i =  347
did converge, i =  347
did converge, i =  347
did converge, i =  347
did converge, i =  347
did converge, i =  347
did converge, i =  347
did converge, i =  347
did converge, i =  347
did converge, i =  347
did converge, i =  347
did converge, i =  347
did converge, i =  347
did converge, i =  347
did converge, i =  347
did converge, i =  347
did converge, i =  347
did converge, i =  347
did converge, i =  347
did converge, i =  347
did converge, i =  347
did converge, i =  347
did converge, i =  347
did converge, i =  347
did converge, i =  347
did converge, i =  347
did converge, i =  347
did converge, i =  347
did converge, i =  347
did converge, i =  347
did converge, i =  347
did converge, i =  347
did converge, i =  347
did converge, i =  347
did converge, i =  347
did converge, i =  347
did converge, i =  347
did converge, i =  347
did converge, i =  347
did converge, i =  347
did converge, i =  347
did converge, i =  347
did converge, i =  347
did converge, i =  347
did converge, i =  347
did converge, i =  347
did converge, i =  347
did converge, i =  347
did converge, i =  347
did converge, i =  347
did converge, i =  347
did converge, i =  347
did converge, i =  347
did converge, i =  347
did converge, i =  347
did converge, i =  347
did converge, i =  347
did converge, i =  347
did converge, i =  347
did converge, i =  347
did converge, i =  347
did converge, i =  347
did converge, i =  347
did converge, i =  347
did converge, i =  347
did converge, i =  347
did converge, i =  347
did converge, i =  347
did converge, i =  347
did converge, i =  347
did converge, i =  347
did converge, i =  347
did converge, i =  347
did converge, i =  347
did converge, i =  347
did converge, i =  347
did converge, i =  347
did converge, i =  347
did converge, i =  347
did converge, i =  347
did converge, i =  347
did converge, i =  347
did converge, i =  347
did converge, i =  347
did converge, i =  347
did converge, i =  347
did converge, i =  347
did converge, i =  347
did converge, i =  347
did converge, i =  347
did converge, i =  347
did converge, i =  347
did converge, i =  347
did converge, i =  347
did converge, i =  347
did converge, i =  347
did converge, i =  347
did converge, i =  347
did converge, i =  347
did converge, i =  347
did converge, i =  347
did converge, i =  347
did converge, i =  347
did converge, i =  347
did converge, i =  347
did converge, i =  347
did converge, i =  347
did converge, i =  347
did converge, i =  347
did converge, i =  347
did converge, i =  347
did converge, i =  347
did converge, i =  347
did converge, i =  347
did converge, i =  347
did converge, i =  347
did converge, i =  347
did converge, i =  347
did converge, i =  347
did converge, i =  347
did converge, i =  347
did converge, i =  347
did converge, i =  347
did converge, i =  347
did converge, i =  347
did converge, i =  347
did converge, i =  347
did converge, i =  347
did converge, i =  347
did converge, i =  347
did converge, i =  347
did converge, i =  347
did converge, i =  347
did converge, i =  347
did converge, i =  347
did converge, i =  347
did converge, i =  347
did converge, i =  347
did converge, i =  347
did converge, i =  347
did converge, i =  347
did converge, i =  347
did converge, i =  347
did converge, i =  347
did converge, i =  347
did converge, i =  347
did converge, i =  347
did converge, i =  347
did converge, i =  347
did converge, i =  347
did converge, i =  347
did converge, i =  347
did converge, i =  347
did converge, i =  347
did converge, i =  347
did converge, i =  347
did converge, i =  347
did converge, i =  347
did converge, i =  347
did converge, i =  347
did converge, i =  347
did converge, i =  347
did converge, i =  347
did converge, i =  347
did converge, i =  347
did converge, i =  347
did converge, i =  347
did converge, i =  347
did converge, i =  347
did converge, i =  347
did converge, i =  347
did converge, i =  347
did converge, i =  347
did converge, i =  347
did converge, i =  347
did converge, i =  347
did converge, i =  347
did converge, i =  347
did converge, i =  347
did converge, i =  347
did converge, i =  347
did converge, i =  347
did converge, i =  347
did converge, i =  347
did converge, i =  347
did converge, i =  347
did converge, i =  347
did converge, i =  347
did converge, i =  347
did converge, i =  347
did converge, i =  347
did converge, i =  347
did converge, i =  347
did converge, i =  347
did converge, i =  347
did converge, i =  347
did converge, i =  347
did converge, i =  347
did converge, i =  347
did converge, i =  347
did converge, i =  347
did converge, i =  347
did converge, i =  347
did converge, i =  347
did converge, i =  347
did converge, i =  347
did converge, i =  347
did converge, i =  347
did converge, i =  347
did converge, i =  347
did converge, i =  347
did converge, i =  347
did converge, i =  347
did converge, i =  347
did converge, i =  347
did converge, i =  347
did converge, i =  347
did converge, i =  347
did converge, i =  347
did converge, i =  347
did converge, i =  347
did converge, i =  347
did converge, i =  347
did converge, i =  347
did converge, i =  347
did converge, i =  347
did converge, i =  347
did converge, i =  347
did converge, i =  347
did converge, i =  347
did converge, i =  347
did converge, i =  347
did converge, i =  347
did converge, i =  347
did converge, i =  347
did converge, i =  347
did converge, i =  347
did converge, i =  347
did converge, i =  347
did converge, i =  347
did converge, i =  347
did converge, i =  347
did converge, i =  347
did converge, i =  347
did converge, i =  347
did converge, i =  347
did converge, i =  347
did converge, i =  347
did converge, i =  347
did converge, i =  347
did converge, i =  347
did converge, i =  347
did converge, i =  347
did converge, i =  347
did converge, i =  347
did converge, i =  347
did converge, i =  347
did converge, i =  347
did converge, i =  347
did converge, i =  347
did converge, i =  347
did converge, i =  347
did converge, i =  347
did converge, i =  347
did converge, i =  347
did converge, i =  347
did converge, i =  347
did converge, i =  347
did converge, i =  347
did converge, i =  347
did converge, i =  347
did converge, i =  347
did converge, i =  347
did converge, i =  347
did converge, i =  347
did converge, i =  347
did converge, i =  347
did converge, i =  347
did converge, i =  347
did converge, i =  347
did converge, i =  347
did converge, i =  347
did converge, i =  347
did converge, i =  347
did converge, i =  347
did converge, i =  347
did converge, i =  347
did converge, i =  347
did converge, i =  347
did converge, i =  347
did converge, i =  347
did converge, i =  347
did converge, i =  347
did converge, i =  347
did converge, i =  347
did converge, i =  347
did converge, i =  347
did converge, i =  347
did converge, i =  347
did converge, i =  347
did converge, i =  347
did converge, i =  347
did converge, i =  347
did converge, i =  347
did converge, i =  347
did converge, i =  347
did converge, i =  347
did converge, i =  347
did converge, i =  347
did converge, i =  347
did converge, i =  347
did converge, i =  347
did converge, i =  347
did converge, i =  347
did converge, i =  347
did converge, i =  347
did converge, i =  347
did converge, i =  347
did converge, i =  347
did converge, i =  347
did converge, i =  347
did converge, i =  347
did converge, i =  347
did converge, i =  347
did converge, i =  347
did converge, i =  347
did converge, i =  347
did converge, i =  347
did converge, i =  347
did converge, i =  347
did converge, i =  347
did converge, i =  347
did converge, i =  347
did converge, i =  347
did converge, i =  347
did converge, i =  347
did converge, i =  347
did converge, i =  347
did converge, i =  347
did converge, i =  347
did converge, i =  347
did converge, i =  347
did converge, i =  347
did converge, i =  347
did converge, i =  347
did converge, i =  347
did converge, i =  347
did converge, i =  347
did converge, i =  347
did converge, i =  347
did converge, i =  347
did converge, i =  347
did converge, i =  347
did converge, i =  347
did converge, i =  347
did converge, i =  347
did converge, i =  347
did converge, i =  347
did converge, i =  347
did converge, i =  347
did converge, i =  347
did converge, i =  347
did converge, i =  347
did converge, i =  347
did converge, i =  347
did converge, i =  347
did converge, i =  347
did converge, i =  347
did converge, i =  347
did converge, i =  347
did converge, i =  347
did converge, i =  347
did converge, i =  347
did converge, i =  347
did converge, i =  347
did converge, i =  347
did converge, i =  347
did converge, i =  347
did converge, i =  347
did converge, i =  347
did converge, i =  347
did converge, i =  347
did converge, i =  347
did converge, i =  347
did converge, i =  347
did converge, i =  347
did converge, i =  347
did converge, i =  347
did converge, i =  347
did converge, i =  347
did converge, i =  347
did converge, i =  347
did converge, i =  347
did converge, i =  347
did converge, i =  347
did converge, i =  347
did converge, i =  347
did converge, i =  347
did converge, i =  347
did converge, i =  347
did converge, i =  347
did converge, i =  347
did converge, i =  347
did converge, i =  347
did converge, i =  347
did converge, i =  347
did converge, i =  347
did converge, i =  347
did converge, i =  347
did converge, i =  347
did converge, i =  347
did converge, i =  347
did converge, i =  347
did converge, i =  347
did converge, i =  347
did converge, i =  347
did converge, i =  347
did converge, i =  347
did converge, i =  347
did converge, i =  347
did converge, i =  347
did converge, i =  347
did converge, i =  347
did converge, i =  347
did converge, i =  347
did converge, i =  347
did converge, i =  347
did converge, i =  347
did converge, i =  347
did converge, i =  347
did converge, i =  347
did converge, i =  347
did converge, i =  347
did converge, i =  347
did converge, i =  347
did converge, i =  347
did converge, i =  347
did converge, i =  347
did converge, i =  347
did converge, i =  347
did converge, i =  347
did converge, i =  347
did converge, i =  347
did converge, i =  347
did converge, i =  347
did converge, i =  347
did converge, i =  347
did converge, i =  347
did converge, i =  347
did converge, i =  347
did converge, i =  347
did converge, i =  347
did converge, i =  347
did converge, i =  347
did converge, i =  347
did converge, i =  347
did converge, i =  347
did converge, i =  347
did converge, i =  347
did converge, i =  347
did converge, i =  347
did converge, i =  347
did converge, i =  347
did converge, i =  347
did converge, i =  347
did converge, i =  347
did converge, i =  347
did converge, i =  347
did converge, i =  347
did converge, i =  347
did converge, i =  347
did converge, i =  347
did converge, i =  347
did converge, i =  347
did converge, i =  347
did converge, i =  347
did converge, i =  347
did converge, i =  347
did converge, i =  347
did converge, i =  347
did converge, i =  347
did converge, i =  347
did converge, i =  347
did converge, i =  347
did converge, i =  347
did converge, i =  347
did converge, i =  347
did converge, i =  347
did converge, i =  347
did converge, i =  347
did converge, i =  347
did converge, i =  347
did converge, i =  347
did converge, i =  347
did converge, i =  347
did converge, i =  347
did converge, i =  347
did converge, i =  347
did converge, i =  347
did converge, i =  347
did converge, i =  347
did converge, i =  347
did converge, i =  347
did converge, i =  347
did converge, i =  347
did converge, i =  347
did converge, i =  347
did converge, i =  347
did converge, i =  347
did converge, i =  347
did converge, i =  347
did converge, i =  347
did converge, i =  347
did converge, i =  347
did converge, i =  347
did converge, i =  347
did converge, i =  347
did converge, i =  347
did converge, i =  347
did converge, i =  347
did converge, i =  347
did converge, i =  347
did converge, i =  347
did converge, i =  347
did converge, i =  347
did converge, i =  347
did converge, i =  347
did converge, i =  347
did converge, i =  347
did converge, i =  347
did converge, i =  347
did converge, i =  347
did converge, i =  347
did converge, i =  347
did converge, i =  347
did converge, i =  347
did converge, i =  347
did converge, i =  347
did converge, i =  347
did converge, i =  347
did converge, i =  347
did converge, i =  347
did converge, i =  347
did converge, i =  347
did converge, i =  347
did converge, i =  347
did converge, i =  347
did converge, i =  347
did converge, i =  347
did converge, i =  347
did converge, i =  347
did converge, i =  347
did converge, i =  347
did converge, i =  347
did converge, i =  347
did converge, i =  347
did converge, i =  347
did converge, i =  347
did converge, i =  347
did converge, i =  347
did converge, i =  347
did converge, i =  347
did converge, i =  347
did converge, i =  347
did converge, i =  347
did converge, i =  347
did converge, i =  347
did converge, i =  347
did converge, i =  347
did converge, i =  347
did converge, i =  347
did converge, i =  347
did converge, i =  347
did converge, i =  347
did converge, i =  347
did converge, i =  347
did converge, i =  347
did converge, i =  347
did converge, i =  347
did converge, i =  347
did converge, i =  347
did converge, i =  347
did converge, i =  347
did converge, i =  347
did converge, i =  347
did converge, i =  347
did converge, i =  347
did converge, i =  347
did converge, i =  347
did converge, i =  347
did converge, i =  347
did converge, i =  347
did converge, i =  347
did converge, i =  347
did converge, i =  347
did converge, i =  347
did converge, i =  347
did converge, i =  347
did converge, i =  347
did converge, i =  347
did converge, i =  347
did converge, i =  347
did converge, i =  347
did converge, i =  347
did converge, i =  347
did converge, i =  347
did converge, i =  347
did converge, i =  347
did converge, i =  347
did converge, i =  347
did converge, i =  347
did converge, i =  347
did converge, i =  347
did converge, i =  347
did converge, i =  347
did converge, i =  347
did converge, i =  347
did converge, i =  347
did converge, i =  347
did converge, i =  347
Nt, N, Error is:  768,  64,  3.1176435284555385e-06
mid time index: 6
Wheeler Portable Batch System Epilogue
